60 60
4.101096993723349197e-05 9.414438800103962020e-07 2.238781530456164702e-06 5.816860154220229028e-07 4.084829554635071952e-06 5.418641574927594297e-09 5.322343062122326369e-06 3.875414660402640541e-08 4.314650084753364977e-05 1.624243020404803905e-05 3.382116139328704664e-06 2.471700472963872780e-07 8.162191923670462360e-07 6.203673204891389302e-07 2.146865065122826975e-07 6.733879734423769807e-05 2.381718477753464862e-05 6.179981848948570943e-07 2.435090275958364054e-08 3.488604419394145925e-05 1.990202750504446862e-07 1.522597528296957438e-06 6.562075794832745307e-04 9.242385807451907842e-06 2.118879180048443318e-07 1.640555076253011388e-06 1.336265919809403970e-05 9.787666778962028228e-10 3.164875886039138805e-07 5.683626254051229231e-07 2.193040501293382375e-07 9.258586114992879358e-08 3.749275412632089443e-06 3.937934352371328566e-07 8.896311098284880134e-06 5.625777113221651242e-07 7.520979646470331704e-05 7.699900097837374385e-08 3.526047181054027543e-09 9.390124696421803700e-09 3.014670849797619256e-10 5.053702709881678266e-05 6.298444905455768917e-09 1.569961110383517633e-07 1.759797678653771914e-06 5.981612139749048056e-05 2.636346206705600012e-07 3.637220320296979096e-09 3.960374079132711441e-07 1.356048764864919834e-06 5.441267712511480505e-07 1.156345738712331574e-07 1.491710113832386937e-05 1.916654588683199643e-06 1.543460057938035388e-06 8.509159838428404110e-08 2.926452715550693340e-07 1.811599750430622540e-06 1.850461141464813232e-08 1.265762120015382741e-07
9.414438800103962020e-07 2.293704962038101234e-03 1.607022043685908486e-06 2.272166428505714551e-05 5.495485151514708651e-11 3.287477243070158050e-06 3.009695046459626025e-04 3.711404452638656959e-05 2.098375107514480968e-04 2.367308711555432243e-06 3.431737050888461439e-04 6.551248906415844272e-06 1.176138840505475807e-05 7.851741683947612439e-05 7.559324718346859434e-07 3.037504382815694577e-06 1.820389840867604931e-04 4.032895949602214336e-08 5.552435244774540619e-07 8.001961666147821929e-06 1.686000713721709824e-04 1.791516947516874744e-04 1.797712402774914836e-05 3.478475010189304248e-06 3.773048571038773176e-06 6.191700004213144575e-07 2.943693282551811206e-03 3.664112227898136970e-07 9.328215047262332664e-05 2.783772637081409907e-07 2.927761541500239800e-04 2.369271234111354471e-05 1.390800784052388430e-07 2.357745831790101652e-04 3.327898368500584354e-04 8.446676991105250646e-07 2.393561628566699323e-06 4.434612196041376237e-07 2.650166396003018107e-06 3.718449156565425048e-07 7.615233370759530083e-07 2.086973154262564958e-05 4.843839723280364831e-06 1.105949668929405227e-08 1.367728394284843077e-04 2.495327425570345315e-06 2.993433634224582671e-07 1.534789082211483565e-05 2.929538266357648726e-07 2.532133671007011453e-05 8.479345484968395933e-07 4.904546392365957649e-08 2.262854854008667944e-03 7.414453947524171423e-04 8.644779778939433950e-08 1.764450953512983128e-06 1.456714365552204350e-04 2.423708733597494075e-06 2.080818153125686879e-05 1.391763031013946270e-05
2.238781530456164702e-06 1.607022043685908486e-06 1.095287630221800264e-02 3.769028864758940513e-05 2.911095878491229771e-05 5.322411028953049122e-07 6.845072576996398264e-07 1.521505353853708754e-05 1.034949063487418574e-06 6.375693157901891309e-05 1.281592591487007792e-06 3.578298090715060185e-04 1.528169861197863143e-04 8.232369829503413365e-07 7.731883718228112125e-05 1.312529139767929031e-05 3.567187910626138505e-06 2.811483411397051269e-05 1.790709028563962788e-06 7.026143621451912005e-05 7.157206282975849694e-07 1.369384428319220320e-07 8.232901574152523081e-06 3.246959056667571623e-08 7.593697734467598720e-05 2.495653603377395811e-03 6.989035690798548778e-06 4.586568933752765925e-06 2.589860723678990299e-08 7.430306193043949735e-06 1.797484853835043525e-05 1.168449520945478256e-07 3.328490998894144837e-03 1.945280559227355848e-07 1.185474445844098896e-06 3.903400572264442117e-04 3.897383788002510823e-06 2.472117979533489674e-05 4.956402081360056683e-05 2.365798881068109920e-04 5.116482439846063558e-08 9.906685024817838520e-06 8.578670639015246199e-06 4.180108799968334772e-05 8.087997644289090895e-07 2.284754150030551248e-06 2.475292110146719575e-04 5.660135823644555076e-07 7.264158750603931445e-06 1.344173151918033043e-06 8.697625372935921097e-06 2.699546422216821836e-05 7.465795161505001333e-06 4.569917893948170873e-06 1.097405131538685625e-05 7.035611700557184797e-08 1.750357621217970017e-07 9.221078914997736173e-03 5.759747540258009802e-06 7.365195912370528431e-08
5.816860154220229028e-07 2.272166428505714551e-05 3.769028864758940513e-05 5.276884739414470366e-02 1.117857217889647223e-05 1.451393931430324999e-04 6.809313010499860128e-07 8.023626257014147389e-05 4.713286010020652317e-08 3.000840979150008097e-04 1.599273201165404959e-05 5.619815148525708452e-03 1.601790629964256613e-04 1.063375130085897028e-06 1.785238510588231173e-04 6.845925940631565806e-07 1.467926389891612525e-04 1.111373983819510369e-03 9.910357369211927493e-06 1.834659628341311422e-04 5.397788258427872027e-05 1.142933085272039019e-05 4.569033045209750894e-06 1.665226939720216692e-04 2.365538356372099554e-02 1.018893677876418291e-03 1.433318956415531714e-05 3.604866183785898474e-04 1.164233944978227787e-05 1.042419621921326682e-05 7.414670026853006522e-04 1.652894148434981992e-05 3.387007136811299199e-04 6.291351419995702644e-05 1.797752401110515511e-05 7.212364195114986639e-04 3.199131197399331123e-06 3.080436323555585599e-05 1.728796611905975759e-04 1.346791739250878008e-02 2.957275183691631553e-04 6.638974469466789179e-07 1.001249718073080660e-03 6.386684508062813746e-06 8.613409540814665984e-06 4.423718214332589071e-06 2.601616227602785315e-04 1.878775150005129395e-06 6.716381431999271723e-06 4.849495956472200595e-05 5.335087317101988623e-05 1.637257543080272899e-04 2.815678569445480844e-09 4.926651144291518672e-06 6.372536245446347371e-05 2.811567192107823166e-07 1.615037378258821352e-06 1.248521935859153134e-04 8.771532907890758951e-07 6.688506806508809214e-06
4.084829554635071952e-06 5.495485151514708651e-11 2.911095878491229771e-05 1.117857217889647223e-05 2.659395247294821935e-03 9.147879465509585244e-07 1.994437334968634851e-08 9.067167640560753245e-09 3.474480234463262585e-05 2.037364192608162112e-08 2.589195858046053744e-06 5.602253299377517315e-05 6.078500320909221905e-06 1.389922012933038596e-06 1.006434021924232409e-05 1.391743498491542133e-05 9.537268163459945629e-06 1.226634892102176791e-04 6.450428806985313187e-08 7.105856160707294932e-04 4.446984582396939225e-08 6.078091797447584710e-09 2.893498519858773735e-05 5.088543493252711738e-04 6.131309505174342722e-05 7.259699989527404631e-07 1.326163890444083692e-06 3.008965886808466302e-06 9.226983760487481314e-07 1.041790491072740752e-03 2.032721935711694961e-06 5.090700877533932858e-07 4.133452698108339200e-05 3.301727441914198366e-08 2.016806292920880438e-05 1.715979648951258254e-04 6.295782084798495155e-06 2.277808581149363382e-06 1.782937401626174981e-06 6.953627489153431937e-05 2.874057473601205391e-07 5.631103397345385504e-05 7.798452504695467874e-06 1.638127958740295119e-07 2.713061055734150982e-08 3.535113577945782014e-07 5.333142571098431130e-07 6.671044618638244429e-07 2.560128961474936833e-04 8.199045386174008598e-07 8.783905861641133931e-04 4.196314214744430212e-06 1.941429223604570165e-06 2.504966646003831040e-05 1.244968042857765673e-03 3.959925146150948932e-07 9.236071047736737000e-08 1.871427543967852937e-05 2.019608062705134072e-08 2.319837700407128260e-06
5.418641574927594297e-09 3.287477243070158050e-06 5.322411028953049122e-07 1.451393931430324999e-04 9.147879465509585244e-07 1.688872341361567764e-04 1.817303106144011474e-06 4.875743704336012450e-11 2.878749982044660454e-07 2.831238379827067198e-06 3.021832390428485750e-05 5.851731372402377859e-05 1.015682742085406671e-04 3.668659957334398391e-05 2.500178828083483439e-04 8.936174084281758414e-06 7.716366085297968445e-07 8.296997451592460615e-10 2.619406028729801171e-05 3.498400956600072352e-06 7.673733372015570413e-06 2.133103917191860076e-05 1.729323078100530024e-07 9.153028923674933073e-06 6.422848252044396236e-06 5.015733962805101700e-06 1.350230239536465322e-04 7.398880116913701091e-05 8.133596263950585938e-07 3.127373880879737760e-07 2.193997304281551680e-06 6.781768228162639606e-07 7.636630873728112402e-10 3.092771256782817238e-07 2.623209622064205882e-05 5.619022972663695855e-06 2.323252478715227888e-06 1.711906492114599468e-04 5.116471979941766661e-04 2.899488629847082671e-04 1.336033911519070557e-05 8.960943949831495095e-06 5.791024941912292388e-04 2.302794369747937131e-05 1.111512887000323271e-06 2.083211446760160436e-06 4.360782933134858294e-06 7.206741474842982712e-06 1.193463045535183026e-07 3.345321889362624298e-08 2.759294013777531967e-07 1.751444317142404356e-04 6.380831944685677201e-07 1.599962271761106166e-05 4.396184114474786336e-07 1.903488202508322944e-06 6.222648929414572095e-06 3.486365882234361623e-07 6.644313809681245552e-05 3.190704664832653909e-07
5.322343062122326369e-06 3.009695046459626025e-04 6.845072576996398264e-07 6.809313010499860128e-07 1.994437334968634851e-08 1.817303106144011474e-06 7.999845018129071381e-03 2.840580196612430350e-05 1.358375618393076835e-05 9.572488751985488739e-06 3.244728482577525792e-04 1.730802848990815700e-06 5.488978340400608378e-05 7.287003996571522306e-06 5.598625479590376728e-06 3.400501837000997894e-06 1.242347121672111930e-04 1.044017829826086312e-06 9.579258926819498657e-06 1.427671814352988837e-04 1.175991171485748490e-03 2.849737399704317211e-05 7.733634854624185575e-05 2.981906446696757181e-05 5.586708794746019764e-06 2.777421924480837724e-07 3.037424801746971162e-05 6.274156148395616648e-06 2.054001690086406165e-03 6.044570662846121745e-06 7.560602764170318578e-07 1.088931952130244019e-03 7.113459795088651007e-07 1.064895518843288755e-04 3.027344427828522185e-05 1.262583725688744440e-06 7.592714382819699068e-08 1.949828918386011154e-06 9.291348985952895472e-11 2.976841413182547680e-06 7.322061137811736988e-08 1.555360867988297496e-07 2.454363344253758462e-05 1.889936814763269255e-06 2.641792406953463127e-03 1.039354914470735686e-06 4.647972082118257510e-07 1.583432478485165517e-08 1.165045284089950252e-06 4.064739268596463613e-05 2.692357773381271418e-06 1.148934834221995971e-06 9.032824367914032201e-05 1.785630736534963789e-04 3.387066977238860525e-09 8.098119026838543140e-07 2.821293460224409675e-05 1.301110992565800837e-06 6.379824891441883823e-07 1.955787136300861556e-07
3.875414660402640541e-08 3.711404452638656959e-05 1.521505353853708754e-05 8.023626257014147389e-05 9.067167640560753245e-09 4.875743704336012450e-11 2.840580196612430350e-05 3.493254888275186803e-03 7.569606897409529773e-09 2.903403277533219464e-06 1.245923867579610580e-05 6.176851253266692416e-05 1.813061338755791399e-06 1.939097203443181604e-04 2.849385387736752794e-05 2.399625241148280512e-08 2.615626812172134981e-08 2.002889463110256182e-07 1.829184644452657609e-05 7.338746696090947641e-08 1.615168481160651195e-05 2.973845313897093782e-03 1.368720822970007104e-07 8.115511376993043458e-07 7.055325025573432138e-05 3.675727497100305561e-06 7.218318810189157343e-04 1.968512199911511397e-06 4.660502315788921117e-06 2.150637923145633527e-07 1.791501872425468433e-04 5.181151384703771006e-05 6.510617902545484885e-06 3.124107514061432993e-06 2.512277727342625099e-06 2.417018672666329347e-06 3.354291790797334013e-07 4.244276590560929845e-07 1.275649258713247721e-04 1.755153747694687230e-05 1.882615197427455971e-06 2.683085751063302867e-07 3.117259848694494502e-05 2.897104374324085135e-06 3.946182770585534797e-06 5.837579370654633797e-07 3.294129274286370124e-07 3.182044051461258576e-06 3.627314095060507374e-08 6.544894680781192633e-07 7.167265629086528295e-08 5.920230905951771392e-06 1.040219613501961035e-03 1.142697737671992731e-05 2.029927595611344154e-07 1.942281303714220027e-04 6.882526911070650990e-10 1.334086866306864691e-05 6.022547201071430240e-06 2.581680815069879198e-08
4.314650084753364977e-05 2.098375107514480968e-04 1.034949063487418574e-06 4.713286010020652317e-08 3.474480234463262585e-05 2.878749982044660454e-07 1.358375618393076835e-05 7.569606897409529773e-09 2.469696700327630914e-03 4.350246761418757509e-08 2.284527484901774450e-04 4.950160038527432741e-06 3.216702420257852859e-06 9.898053238845740515e-07 1.262351544984964812e-06 1.715162791306147291e-04 3.612052896125416530e-04 6.142400511997714760e-08 1.491075987208778835e-06 3.180474608304075055e-03 1.766539263005016938e-06 2.416971816505304433e-06 3.903644975375207635e-04 5.328820458561968083e-04 5.883412002353725606e-06 1.677733497022843322e-07 8.133647729334598513e-06 1.689851023808240545e-07 5.791190005954940057e-07 4.980528011984474790e-05 8.446744973078911427e-07 2.276272596127635321e-05 9.131325687798188409e-07 7.927723687116788290e-05 7.964148933998560021e-04 3.147059904345499430e-04 1.205015713343683488e-05 4.952684454580736555e-08 8.226534599010620542e-08 2.424681947827729764e-05 4.497749552990370523e-07 2.597280900287230333e-05 3.265396446131566586e-07 2.682629711131432453e-07 1.031028469609311746e-05 4.925829462588408229e-05 2.346488391053448867e-06 2.528120580348760517e-07 1.599643729773336107e-05 6.016934790652045259e-06 7.104792609820306088e-05 1.128448769145107389e-06 1.039843330656873916e-05 7.211277561077468435e-04 2.988842080284256471e-06 3.020865145955433431e-10 1.434134152922053900e-05 3.046509493920245494e-07 1.396895869963840556e-06 7.990960652033731446e-05
1.624243020404803905e-05 2.367308711555432243e-06 6.375693157901891309e-05 3.000840979150008097e-04 2.037364192608162112e-08 2.831238379827067198e-06 9.572488751985488739e-06 2.903403277533219464e-06 4.350246761418757509e-08 2.072075765371299283e-02 1.508929564303805133e-05 3.121982410957767741e-04 1.219598014297252660e-04 1.591768764996767210e-05 1.427472749084715098e-04 4.504828244025396435e-05 2.998401751254742046e-09 2.729118051536694178e-03 2.949040501007975146e-06 9.322295640284115632e-04 3.328113591251960344e-06 7.336451385286399065e-08 7.025555963822185642e-05 4.504742232083262495e-04 1.273490167943452283e-03 3.077440433551435718e-04 5.811094312159822255e-07 2.289313195434865815e-05 3.140555622680884053e-07 6.623192722786603107e-04 8.002473646720788134e-06 6.339640608126594332e-06 3.894181243291093900e-03 3.333124829101485636e-07 2.619102420091568936e-05 3.180413050111200336e-03 4.447977693257689332e-05 2.740782215124391836e-05 5.598495293356034659e-07 1.959437582517138492e-04 2.032315487452968567e-07 3.103664802199502474e-04 3.410091053947583104e-05 2.698693417021575452e-06 7.522769967351843301e-07 5.271752261588558742e-06 1.220696052495947459e-04 4.327635481576526342e-06 5.917445995876337497e-07 1.024752092505641644e-07 2.177457033477294334e-04 4.365721212091881065e-05 5.224029664464659904e-05 1.834572665618478871e-04 4.265074667833546052e-05 2.626689523361693221e-06 1.446490341507995831e-07 9.020848560248256951e-05 4.711552821060297082e-07 2.256826922953202104e-05
3.382116139328704664e-06 3.431737050888461439e-04 1.281592591487007792e-06 1.599273201165404959e-05 2.589195858046053744e-06 3.021832390428485750e-05 3.244728482577525792e-04 1.245923867579610580e-05 2.284527484901774450e-04 1.508929564303805133e-05 3.893012670308426681e-02 9.238722473129266552e-05 1.708644876535501687e-09 1.651322576717680448e-08 5.587859484646875982e-06 7.231516625357394890e-04 1.346501400934425018e-02 1.541572917163379429e-04 2.288242435887459045e-05 1.273242245471189332e-03 4.664036631054278804e-04 7.054922033930655198e-05 7.595124247616214669e-05 7.872371629461236738e-05 8.327916990425763159e-06 1.932812278183938511e-06 3.151082923859032823e-04 1.938544052286439148e-09 6.646594857185369586e-04 3.283817631675715149e-07 3.772469204311628903e-06 2.848556317064523887e-05 3.624408265632335923e-07 2.777807194182775683e-05 5.158757893305101908e-04 5.882203498458160936e-06 1.004810335529906292e-04 7.990134018260564258e-05 2.730898040507033649e-05 1.586274802092267101e-04 1.404132293054056932e-05 5.054178405452363352e-05 2.519011242597069477e-05 1.009617722106101714e-05 2.138157052793074003e-05 8.440112907097921564e-04 4.003940274363310735e-07 1.171648880345515539e-06 4.906892314436385707e-06 1.522012530702050335e-03 5.444773668758535340e-05 5.533595557935162201e-06 1.955981804172260332e-04 2.365811452886219454e-02 4.459786231331394803e-05 7.256037755765619864e-06 2.479750623466089377e-04 2.953807782351813076e-06 5.670940960490687588e-06 2.632470615988497889e-05
2.471700472963872780e-07 6.551248906415844272e-06 3.578298090715060185e-04 5.619815148525708452e-03 5.602253299377517315e-05 5.851731372402377859e-05 1.730802848990815700e-06 6.176851253266692416e-05 4.950160038527432741e-06 3.121982410957767741e-04 9.238722473129266552e-05 5.261058994328590699e-02 1.697573442237650544e-03 7.507244051225288436e-05 1.242087205267813606e-04 1.658864990488819754e-05 4.979508124248441291e-06 1.499975686162174426e-05 7.269506335512923448e-04 3.036984154414849531e-09 6.681585571482321708e-07 2.610707341119119817e-08 3.565186253253505292e-06 2.965861306028866421e-05 1.346500797189956189e-02 3.604943372175240272e-04 3.573260243490300491e-05 1.019575177311350927e-03 4.007612309223993564e-07 2.104874806402496336e-06 1.819365674474626357e-04 6.836817037654404093e-07 1.001090671962470962e-03 6.054168508080305601e-06 1.352474910630027216e-04 3.612069298937814802e-04 2.201642394234255585e-05 1.958810217171155690e-03 1.561964908722951565e-05 2.366181012188519131e-02 9.548251532540170345e-06 5.405195841660951825e-05 3.360282536450395307e-04 1.430013712064305033e-03 2.548519729500506821e-06 7.008180868185941239e-06 1.198036856732464201e-05 9.780943520397196585e-05 1.441776269799814611e-05 8.185275172843111549e-06 2.060730446021587198e-06 2.706452380487529608e-06 1.834344928058284857e-04 1.467770950681608708e-04 3.800097598109324738e-05 3.749664823952257489e-05 9.689770103988865684e-06 1.779517014749801848e-04 3.716689585182028719e-04 9.844661900874568103e-07
8.162191923670462360e-07 1.176138840505475807e-05 1.528169861197863143e-04 1.601790629964256613e-04 6.078500320909221905e-06 1.015682742085406671e-04 5.488978340400608378e-05 1.813061338755791399e-06 3.216702420257852859e-06 1.219598014297252660e-04 1.708644876535501687e-09 1.697573442237650544e-03 1.795130608775230910e-02 1.572173762388882662e-04 3.035924504439357146e-05 5.201884534943232305e-06 3.576826533694428404e-05 6.489196828894889026e-06 1.957828942065379697e-03 5.814036416912683834e-07 2.791982240256793778e-06 7.218372814494364775e-04 6.989693685011355360e-06 5.761659998201652821e-05 3.151190894982469647e-04 1.246842259940858524e-05 2.089003541398759892e-04 3.915182703497772205e-04 2.592509365882782462e-05 5.374093847524088243e-06 2.943770024264837602e-03 3.407987125937839601e-04 2.405760884964654880e-05 2.246685519592429102e-05 6.252681366476539712e-06 8.133112371623053916e-06 6.097440111144520454e-09 1.580491415784237731e-05 2.683786121539355474e-03 5.454403107124014956e-05 7.553408184421487584e-05 1.108307860755359769e-05 2.638318440597135772e-03 3.385996023141647050e-05 2.426396026326028440e-07 2.062497982427974604e-07 2.046983256460338566e-06 3.294123961571509846e-04 1.329260583455629534e-07 1.061391665892691074e-04 4.705321393594194109e-06 3.936883555193172756e-05 2.009834207757384052e-03 1.433192596524115283e-05 2.619918503953105606e-06 2.151473372172955424e-04 3.552341503296754598e-05 1.245581809060666389e-04 6.943525630330537690e-05 1.713357265938237024e-07
6.203673204891389302e-07 7.851741683947612439e-05 8.232369829503413365e-07 1.063375130085897028e-06 1.389922012933038596e-06 3.668659957334398391e-05 7.287003996571522306e-06 1.939097203443181604e-04 9.898053238845740515e-07 1.591768764996767210e-05 1.651322576717680448e-08 7.507244051225288436e-05 1.572173762388882662e-04 5.684872478013779486e-04 2.455702701079142951e-06 9.636844556062223520e-07 6.772073759494271980e-05 4.602654929480951701e-05 6.109586186011881916e-05 3.217692093348669391e-06 3.056938000985769532e-07 7.313065249211494426e-05 7.179730332725089395e-06 3.777709136808461476e-05 1.182890805313140344e-05 2.068907611824023606e-08 2.963054979238406304e-04 7.207369599017213786e-07 3.473968230105786643e-06 5.311927247695726783e-06 1.654081677043936493e-07 3.979036017756762888e-04 3.406603235513682820e-06 7.492487774743814444e-05 4.330014808220820026e-05 2.209316533950932271e-10 5.462029204128398361e-06 4.220740841788836017e-05 5.019026308650687690e-04 1.081058191612402732e-04 1.254679753207597190e-05 5.397412514611180126e-08 5.929022667204258252e-06 1.082356704059123185e-06 1.087916418263767673e-05 7.917951368648456473e-07 5.036351548532873265e-06 2.884026307676044429e-05 2.036272920231077682e-08 1.750681636697098498e-04 4.722693205655474254e-06 3.905727704368085212e-06 1.959496389290178459e-03 4.592905654598813405e-05 4.057271109886058521e-06 7.024943612707007057e-06 1.779513837481368416e-04 2.632487608528380114e-09 7.195061881289669054e-05 3.178516285566463693e-07
2.146865065122826975e-07 7.559324718346859434e-07 7.731883718228112125e-05 1.785238510588231173e-04 1.006434021924232409e-05 2.500178828083483439e-04 5.598625479590376728e-06 2.849385387736752794e-05 1.262351544984964812e-06 1.427472749084715098e-04 5.587859484646875982e-06 1.242087205267813606e-04 3.035924504439357146e-05 2.455702701079142951e-06 7.997626137296685173e-03 1.198168223015647505e-06 1.728724366538299966e-06 2.981564528196002531e-05 1.175730367803307823e-03 9.573793850202836503e-06 9.579150061321573220e-06 2.840377243149256014e-05 6.846679756093381005e-07 1.044340179712298865e-06 3.244576867314349564e-04 1.402598870085146561e-06 5.488383006722308255e-05 2.053823145248852202e-03 6.272996372646674805e-06 3.373823546614014468e-09 3.009277788690489417e-04 9.436506855134688587e-06 1.135342190843706716e-05 3.356187526902833159e-07 1.476409427793353461e-06 1.358300358738705234e-05 4.834131462777285931e-07 4.064987673941914558e-05 3.845269423319633127e-05 2.999241489722984611e-06 2.939761002043544429e-05 5.580164153122341671e-07 2.694392404830178809e-03 2.381841097413645773e-05 1.148399175656184736e-06 1.004049617537692685e-07 1.270469965653314764e-06 1.701780223334215164e-06 2.404778611097821990e-06 1.949689677127920904e-06 6.083361205927874986e-08 2.641720791961807077e-03 3.340534316697009015e-05 6.812580449424265378e-07 6.044289178211170618e-06 1.164500789750273867e-08 6.382101636855909071e-07 7.116250014853675652e-05 2.821381991135398596e-05 7.293134270167051584e-08
6.733879734423769807e-05 3.037504382815694577e-06 1.312529139767929031e-05 6.845925940631565806e-07 1.391743498491542133e-05 8.936174084281758414e-06 3.400501837000997894e-06 2.399625241148280512e-08 1.715162791306147291e-04 4.504828244025396435e-05 7.231516625357394890e-04 1.658864990488819754e-05 5.201884534943232305e-06 9.636844556062223520e-07 1.198168223015647505e-06 1.318296452320650821e-03 5.164112311271282186e-04 1.437726529097701047e-04 1.143038421872998824e-05 2.164620353087518337e-03 2.043399032954341347e-05 8.833360038370475145e-07 1.528660850453439054e-03 5.876017469158044886e-05 9.756039569456281958e-07 3.622391838232203994e-06 3.446225651309137501e-06 5.102867113729251867e-07 1.721288268847026662e-05 8.729336466194445246e-07 1.433963906981892972e-06 1.504502123842616442e-06 4.917991546502088736e-06 1.584475088254390338e-05 5.849778945323649360e-04 1.019924711210219422e-07 1.902249261921892549e-04 1.437358067689621815e-05 1.930245635248550691e-05 5.311090039552555161e-05 4.181719577302731581e-06 2.794150369028079381e-04 4.751932735139960372e-06 5.395312431358228154e-07 9.174630485170901124e-07 1.203726023893521575e-05 6.661714023795871988e-06 2.105781988031765548e-06 2.863789586637682961e-07 1.002868534603991088e-04 2.285241305337647286e-05 1.871153774196127093e-06 1.221085842734983680e-05 1.748525756093964447e-06 6.314501277352954113e-05 1.726115684983028125e-06 1.428854983346889828e-05 9.427045653850079751e-06 1.479958066485109054e-06 4.331971608561111930e-05
2.381718477753464862e-05 1.820389840867604931e-04 3.567187910626138505e-06 1.467926389891612525e-04 9.537268163459945629e-06 7.716366085297968445e-07 1.242347121672111930e-04 2.615626812172134981e-08 3.612052896125416530e-04 2.998401751254742046e-09 1.346501400934425018e-02 4.979508124248441291e-06 3.576826533694428404e-05 6.772073759494271980e-05 1.728724366538299966e-06 5.164112311271282186e-04 5.259433305722174823e-02 2.966333358326623832e-05 6.689370822370942722e-07 3.122016337880285843e-04 7.269486260440162625e-04 6.175090662085800134e-05 3.578424915784182508e-04 1.499753774909020690e-05 9.238486047339333209e-05 1.162624987267134162e-05 1.697006827959419159e-03 4.001603567744153557e-07 1.019608855720758331e-03 3.800002009916216418e-05 6.550221331279552177e-06 1.927791052000965760e-06 5.408418777879496699e-08 6.315515233887921366e-06 7.037432690884893932e-04 4.950262309156942741e-06 6.629571058242532660e-05 8.187813791215392361e-06 1.757081631679594284e-04 1.599793505140894068e-05 1.859297487470973423e-06 9.748737521266543894e-06 7.726559376804056484e-08 6.303029394454781804e-05 2.708493898139416204e-06 5.341131494351813655e-04 2.760470689888293061e-05 2.552706452545638378e-05 9.165565927014817708e-06 1.958831719781244877e-03 1.361207629840589128e-05 2.547739775954992961e-06 2.967047928161416865e-04 5.619825727678014367e-03 2.105949452084143252e-06 5.002826906300306814e-06 3.717088220151135831e-04 6.891727634811937929e-07 9.690783865162285428e-06 1.670834142138933233e-06
6.179981848948570943e-07 4.032895949602214336e-08 2.811483411397051269e-05 1.111373983819510369e-03 1.226634892102176791e-04 8.296997451592460615e-10 1.044017829826086312e-06 2.002889463110256182e-07 6.142400511997714760e-08 2.729118051536694178e-03 1.541572917163379429e-04 1.499975686162174426e-05 6.489196828894889026e-06 4.602654929480951701e-05 2.981564528196002531e-05 1.437726529097701047e-04 2.966333358326623832e-05 3.764094745233076585e-03 2.680978655344795356e-06 4.505987412838706832e-04 1.929613714385843015e-05 8.114198577928698555e-07 3.277980447629728374e-08 7.868361924500652830e-04 7.862485519699129166e-05 1.329903327646534371e-04 5.760684399591906214e-05 1.803480830282440694e-06 1.032950840325833985e-07 4.040575903861926764e-05 3.479033701935742520e-06 1.035412480463142693e-05 6.140027747076421067e-04 2.507939568174056288e-07 2.708312584091650201e-04 5.329039817918244243e-04 7.232161383163973903e-06 5.963400139026591882e-06 9.195127444910164308e-05 1.548829335085099798e-04 9.309390469733417258e-06 6.085648988462741949e-05 6.505478448455087481e-06 2.960069700114876081e-04 1.016607183773027726e-06 1.304377372036870573e-05 3.944623169802523137e-04 5.559737496703014439e-06 5.176978023242216854e-06 3.870412347365091778e-06 3.832581623005209322e-04 1.193485635079687348e-05 2.009390366921471319e-05 1.664751361871208196e-04 2.492728991720342336e-06 5.975916990563014163e-06 1.830726209936296451e-06 1.720156627795022543e-07 6.121156006678755047e-07 2.373518737576022798e-05
2.435090275958364054e-08 5.552435244774540619e-07 1.790709028563962788e-06 9.910357369211927493e-06 6.450428806985313187e-08 2.619406028729801171e-05 9.579258926819498657e-06 1.829184644452657609e-05 1.491075987208778835e-06 2.949040501007975146e-06 2.288242435887459045e-05 7.269506335512923448e-04 1.957828942065379697e-03 6.109586186011881916e-05 1.175730367803307823e-03 1.143038421872998824e-05 6.689370822370942722e-07 2.680978655344795356e-06 1.093427707843937008e-03 3.328408971040585805e-06 2.382377961598211081e-07 1.615238142516548355e-05 7.154810011172921229e-07 1.929589331347131536e-05 4.663436919976970225e-04 5.262230966960537356e-07 2.792403244029463253e-06 8.901431433951777900e-05 4.107716882698611292e-06 5.270834602503500472e-07 1.686040410572524741e-04 1.590461346254323110e-05 2.108223229915300961e-05 7.033028309679772349e-08 5.643368542805144101e-05 1.766173999370217077e-06 3.772357746198148867e-06 4.196382872387522701e-05 5.429663362970806560e-05 4.981194305853739077e-05 7.792746925917641251e-05 1.674505053589908377e-05 1.204026055091188740e-03 9.532067533076409103e-05 1.796254654642561208e-06 3.517405122370068836e-06 6.559946366952405038e-06 7.730716218137032687e-05 2.603888752073026447e-07 7.739430914160922792e-07 4.436187806646141511e-07 2.537022691708506117e-04 3.106517904555781127e-04 5.396823870709634168e-05 3.166012540934452691e-06 3.270041550772847286e-05 8.991638170762398889e-06 1.567344386669985095e-07 1.224278806099355801e-05 8.239394152324632163e-07
3.488604419394145925e-05 8.001961666147821929e-06 7.026143621451912005e-05 1.834659628341311422e-04 7.105856160707294932e-04 3.498400956600072352e-06 1.427671814352988837e-04 7.338746696090947641e-08 3.180474608304075055e-03 9.322295640284115632e-04 1.273242245471189332e-03 3.036984154414849531e-09 5.814036416912683834e-07 3.217692093348669391e-06 9.573793850202836503e-06 2.164620353087518337e-03 3.122016337880285843e-04 4.505987412838706832e-04 3.328408971040585805e-06 2.072272102894574114e-02 2.949383578523670092e-06 2.903624159452488073e-06 6.376432498427688357e-05 2.728881245501270196e-03 1.507002473283719388e-05 7.083060173564712046e-05 1.219633056762314490e-04 3.140909818989394841e-07 2.289660900512295512e-05 4.264297732015634505e-05 2.367159379166669084e-06 1.218715634180097965e-05 2.780597846205567743e-04 1.352284699655778449e-06 3.987133495336931430e-04 4.411826515928683553e-08 7.321369468706707224e-05 1.025176774978595477e-07 4.512066569705288981e-05 6.975008010023414711e-06 2.458785065769817068e-08 8.002665018630315992e-04 3.140613396162645090e-06 6.405301921431272229e-05 4.365065253768064563e-05 2.073752537120706794e-04 1.019238299376454564e-04 5.042145659735776127e-06 1.237451147957105065e-05 2.740398730564326193e-05 4.759397685958947686e-06 7.529758647873696820e-07 2.336660727886937552e-05 3.002114138899227578e-04 6.623447171347039827e-04 2.092268190606291234e-06 4.709298649971535811e-07 3.337429889701595267e-05 1.446464977943111681e-07 1.327484149901862818e-04
1.990202750504446862e-07 1.686000713721709824e-04 7.157206282975849694e-07 5.397788258427872027e-05 4.446984582396939225e-08 7.673733372015570413e-06 1.175991171485748490e-03 1.615168481160651195e-05 1.766539263005016938e-06 3.328113591251960344e-06 4.664036631054278804e-04 6.681585571482321708e-07 2.791982240256793778e-06 3.056938000985769532e-07 9.579150061321573220e-06 2.043399032954341347e-05 7.269486260440162625e-04 1.929613714385843015e-05 2.382377961598211081e-07 2.949383578523670092e-06 1.093573561131956900e-03 1.829479788401192379e-05 1.790486259240212690e-06 2.681868257516815508e-06 2.287691089935641042e-05 9.215802857535155857e-07 1.957863012150540781e-03 4.108196585398273734e-06 8.900902656505675539e-05 3.166137607878985362e-06 5.553531260749583035e-07 2.794254925244461698e-04 1.378240597117798546e-06 2.609800007148494697e-04 2.367794504570480568e-05 1.491338713837347286e-06 4.116341481311113400e-06 7.737080114727099723e-07 1.834867806982220368e-04 2.935590358038583376e-07 1.653692707997625052e-09 5.574368553558886002e-06 1.384886510419947724e-05 1.371468845839668714e-05 2.536980522755799246e-04 2.331712706190921589e-05 9.570169252674695762e-06 1.645126881203540459e-05 1.505657108089829897e-07 4.196269525561333741e-05 4.736862163960270649e-07 1.797051765290159141e-06 8.002290964594336057e-04 9.917211395577092480e-06 5.272104579670882580e-07 5.347420098138896986e-06 1.224151232960199792e-05 5.611231894543857014e-07 8.991410505716029451e-06 2.761947662714002262e-06
1.522597528296957438e-06 1.791516947516874744e-04 1.369384428319220320e-07 1.142933085272039019e-05 6.078091797447584710e-09 2.133103917191860076e-05 2.849737399704317211e-05 2.973845313897093782e-03 2.416971816505304433e-06 7.336451385286399065e-08 7.054922033930655198e-05 2.610707341119119817e-08 7.218372814494364775e-04 7.313065249211494426e-05 2.840377243149256014e-05 8.833360038370475145e-07 6.175090662085800134e-05 8.114198577928698555e-07 1.615238142516548355e-05 2.903624159452488073e-06 1.829479788401192379e-05 3.493489767151742968e-03 1.521698543932704744e-05 2.002705427458276905e-07 1.246280175636862741e-05 8.787577885361091073e-07 1.813539659046273680e-06 4.661344663053919229e-06 1.969206480790132588e-06 2.029669661306200535e-07 3.711931464384714513e-05 4.947998271303984108e-06 6.920906812121752756e-07 5.747472382043848784e-06 2.385993487513760349e-05 7.583641468317684018e-09 1.856099979563170323e-06 6.543549888989062192e-07 6.321771227778615965e-04 1.125314275479403978e-05 1.060952094267716152e-06 2.205612697826055651e-06 7.538616987357579043e-05 7.103104364432237067e-07 5.919179344915505017e-06 1.879963513992323124e-06 2.263281062909478839e-08 1.049418019281870433e-05 2.890762169080559635e-08 4.245821170774554032e-07 6.377086653556052221e-08 3.947975786415040406e-06 1.993967473098132948e-05 8.023771826927454047e-05 2.150843099232919370e-07 2.349772804444263995e-04 6.022709592085694341e-06 1.325364016949848838e-07 6.942851176817960003e-10 2.823215933970448677e-11
6.562075794832745307e-04 1.797712402774914836e-05 8.232901574152523081e-06 4.569033045209750894e-06 2.893498519858773735e-05 1.729323078100530024e-07 7.733634854624185575e-05 1.368720822970007104e-07 3.903644975375207635e-04 7.025555963822185642e-05 7.595124247616214669e-05 3.565186253253505292e-06 6.989693685011355360e-06 7.179730332725089395e-06 6.846679756093381005e-07 1.528660850453439054e-03 3.578424915784182508e-04 3.277980447629728374e-08 7.154810011172921229e-07 6.376432498427688357e-05 1.790486259240212690e-06 1.521698543932704744e-05 1.095385137182787461e-02 2.811371248127885990e-05 1.283292254495082839e-06 8.863478843695007838e-06 1.528309887381422080e-04 2.591979843645759681e-08 4.586345984454314142e-06 1.097478449569543239e-05 1.607333612281175770e-06 1.474725757113978062e-07 3.060895700507765103e-05 4.118486632280454555e-06 2.597626818352682834e-04 1.035415249870740990e-06 1.247467156417937130e-03 1.343716300398374831e-06 1.972079685647224423e-07 1.189817008011977015e-07 6.655385752447908094e-08 1.115118270996653515e-03 4.908666196892367758e-08 1.644643525058543229e-06 2.699226976778892651e-05 9.640711671926180870e-04 1.906966933600115141e-06 2.899190057829586984e-08 5.045871970606870319e-06 2.471771424140279126e-05 1.210052051497455471e-05 8.088644647403938799e-07 1.715910846987839472e-04 3.775639095411969327e-05 7.433082085869288054e-06 9.235690930212208716e-07 5.758749691617268872e-06 6.445844812282845165e-06 1.750471029037095547e-07 8.817666333078967700e-08
9.242385807451907842e-06 3.478475010189304248e-06 3.246959056667571623e-08 1.665226939720216692e-04 5.088543493252711738e-04 9.153028923674933073e-06 2.981906446696757181e-05 8.115511376993043458e-07 5.328820458561968083e-04 4.504742232083262495e-04 7.872371629461236738e-05 2.965861306028866421e-05 5.761659998201652821e-05 3.777709136808461476e-05 1.044340179712298865e-06 5.876017469158044886e-05 1.499753774909020690e-05 7.868361924500652830e-04 1.929589331347131536e-05 2.728881245501270196e-03 2.681868257516815508e-06 2.002705427458276905e-07 2.811371248127885990e-05 3.764210735762026430e-03 1.541468743814964856e-04 2.059638866268635018e-07 6.489385724454540283e-06 1.032252051722785361e-07 1.803105162207987064e-06 2.492607530517734983e-06 4.031849753749111643e-08 7.130052915640964353e-07 6.830768475457439453e-05 3.489386069617104509e-05 3.779014259143652853e-04 6.131302101708638625e-08 1.266563340681365452e-04 3.869847297679008433e-06 8.441980499777311791e-05 2.451392262730757806e-07 3.110331034722328652e-08 1.038048701487681710e-03 4.295810604455572169e-07 5.828114225494941745e-05 1.193202186356254896e-05 1.743115116591230346e-07 5.207277367537355514e-05 1.023875214047307187e-05 1.203356006804187039e-05 5.963180271718569431e-06 1.448177428741331048e-04 1.016269768078584474e-06 6.706773631836003026e-05 1.111446437109256001e-03 4.040412776447977670e-05 7.900521686392522792e-06 6.119216204681994631e-07 8.716706578931427763e-06 1.830919739069228048e-06 1.232111179792113138e-05
2.118879180048443318e-07 3.773048571038773176e-06 7.593697734467598720e-05 2.365538356372099554e-02 6.131309505174342722e-05 6.422848252044396236e-06 5.586708794746019764e-06 7.055325025573432138e-05 5.883412002353725606e-06 1.273490167943452283e-03 8.327916990425763159e-06 1.346500797189956189e-02 3.151190894982469647e-04 1.182890805313140344e-05 3.244576867314349564e-04 9.756039569456281958e-07 9.238486047339333209e-05 7.862485519699129166e-05 4.663436919976970225e-04 1.507002473283719388e-05 2.287691089935641042e-05 1.246280175636862741e-05 1.283292254495082839e-06 1.541468743814964856e-04 3.893291967512802626e-02 5.823976311588781058e-04 1.667547680109449747e-09 6.646233158712160473e-04 1.949444769276469866e-09 4.459453059338377117e-05 3.432014956863708110e-04 5.317237249100244413e-05 8.671184145730373048e-04 4.770903766862727105e-05 1.681504646283041006e-05 2.284317422859653553e-04 5.176201868521761378e-06 1.522054536275405708e-03 2.458564825125130910e-05 5.213141043396024750e-03 1.731819101000822496e-06 2.931279348549183491e-07 5.464994699130410827e-04 2.018960842541593984e-03 5.533682332594517946e-06 3.234555261373233357e-06 1.101393773164860358e-04 8.618869416398001925e-06 9.818726533385695724e-06 7.988549200006101099e-05 1.589640509311475149e-05 2.139655802781474208e-05 6.983970846343270141e-06 1.599059043839687230e-05 3.271500937833216513e-07 1.245819103583679548e-07 5.668771492385330717e-06 2.858750744810650868e-06 2.479864459280231386e-04 5.068119675589742588e-06
1.640555076253011388e-06 6.191700004213144575e-07 2.495653603377395811e-03 1.018893677876418291e-03 7.259699989527404631e-07 5.015733962805101700e-06 2.777421924480837724e-07 3.675727497100305561e-06 1.677733497022843322e-07 3.077440433551435718e-04 1.932812278183938511e-06 3.604943372175240272e-04 1.246842259940858524e-05 2.068907611824023606e-08 1.402598870085146561e-06 3.622391838232203994e-06 1.162624987267134162e-05 1.329903327646534371e-04 5.262230966960537356e-07 7.083060173564712046e-05 9.215802857535155857e-07 8.787577885361091073e-07 8.863478843695007838e-06 2.059638866268635018e-07 5.823976311588781058e-04 1.253548445201933424e-03 5.712791609814173724e-08 1.187289540372022040e-04 3.667125607013661121e-08 7.991405102666364343e-07 4.677953262607034855e-07 5.074997977869557753e-07 3.197371036505737519e-04 8.183096488030784161e-07 3.169120893964933212e-08 6.560556825472432861e-05 2.193376328591318079e-06 7.808085948039016983e-06 1.195074686065093628e-05 6.646297800937442900e-04 1.395839968709256321e-05 4.106188601534809203e-06 3.359307965700212656e-05 5.430421089957815665e-05 9.173009672986845717e-08 3.183842507038519083e-07 2.032870434419340849e-05 2.595336993343887352e-08 2.855446703577678118e-08 2.374740090397681814e-06 4.119339331865907536e-06 1.801637572541826394e-06 3.134755066918720511e-07 4.002082532954734384e-07 1.434814625968345870e-06 1.378308171436107136e-07 7.018053139560189831e-09 2.052253515902632223e-03 1.148124166638007515e-06 2.181577647563377196e-08
