60 60
6.403980788324828248e-03 -9.702803100189121401e-04 -1.496255837233781590e-03 -7.626834306722697675e-04 -2.021096127015009625e-03 7.361142285629041241e-05 -2.307020386152304047e-03 -1.968607289533044660e-04 -6.568599610840475909e-03 4.030189847147158839e-03 -1.839053055060866021e-03 4.971619930127274718e-04 -9.034485001188757294e-04 7.876340016080685515e-04 4.633427527352539533e-04 8.206022017045634318e-03 -4.880285317226304084e-03 7.861286058240452056e-04 -1.560477579447511296e-04 -5.906440907512870188e-03 4.461168849645176645e-04 -1.233935787752732860e-03 2.561654893781116840e-02 -3.040129241899414483e-03 -4.603128479684706078e-04 -1.280841550018194629e-03 3.655497120515079860e-03 -3.128524696875834016e-05 -5.625722963352477969e-04 -7.538982858483781954e-04 4.682991032762482677e-04 3.042792486350799370e-04 1.936304576411492558e-03 -6.275296289715194412e-04 2.982668452625078428e-03 7.500518057588856716e-04 8.672358183602849740e-03 2.774869383923750550e-04 -5.938052863569023263e-05 9.690265577589607100e-05 -1.736280752009196002e-05 7.108939941989718750e-03 -7.936274255250866123e-05 3.962273476658971830e-04 -1.326573661224197519e-03 7.734088271896725694e-03 5.134536207590321543e-04 6.030937174516891710e-05 -6.293150307383982376e-04 -1.164495068630571695e-03 -7.376494907821383971e-04 3.400508401272273875e-04 3.862266321516923812e-03 -1.384432948424444126e-03 -1.242360679488060515e-03 -2.917046423769838518e-04 -5.409669782482747413e-04 -1.345956815960535399e-03 1.360316559284938380e-04 -3.557755078719419990e-04
-9.702803100189121401e-04 4.789263995686707936e-02 1.267683731727242951e-03 -4.766724691552591195e-03 -7.413153951938883456e-06 -1.813140160900463286e-03 -1.734847268914363472e-02 -6.092129720088580724e-03 1.448576924955827412e-02 -1.538606093695014726e-03 1.852494818046318201e-02 -2.559540760842820509e-03 3.429488067489775988e-03 8.861005407936287104e-03 8.694437715198642886e-04 -1.742843763168602095e-03 1.349218233225301863e-02 -2.008207148080649168e-04 7.451466462901474002e-04 -2.828773880349545137e-03 1.298460901884115198e-02 -1.338475605872917890e-02 -4.239943870825314126e-03 -1.865067025655996191e-03 -1.942433672236654066e-03 -7.868735606317665962e-04 5.425581335259670873e-02 -6.053191082311987388e-04 -9.658268502823025639e-03 5.276146924680367219e-04 1.711070291221327908e-02 4.867516033986282221e-03 -3.729344156889235541e-04 1.535495305036814993e-02 1.824252824720461880e-02 9.190580499133474846e-04 1.547113967543018278e-03 -6.659288397450117926e-04 -1.627933166933771304e-03 6.097908786268801560e-04 8.726530450734432771e-04 -4.568340129918704862e-03 -2.200872491372538563e-03 -1.051641416514871417e-04 -1.169499206620014387e-02 -1.579660541246234121e-03 5.471228046996928773e-04 3.917638424116604880e-03 5.412520915763419831e-04 5.032031072049348436e-03 9.208336160766719073e-04 -2.214621049382028636e-04 4.756947397237715897e-02 2.722949494119230110e-02 -2.940200635830730858e-04 -1.328326373115050040e-03 1.206944226363507004e-02 1.556826494378064614e-03 4.561598571910604853e-03 3.730634035943416246e-03
-1.496255837233781590e-03 1.267683731727242951e-03 1.046559902834902356e-01 -6.139241699720691253e-03 -5.395457235945096131e-03 -7.295485610261354895e-04 8.273495378010673612e-04 -3.900647835749478012e-03 1.017324463230595165e-03 -7.984793771852778319e-03 -1.132074463755369667e-03 -1.891638995875021684e-02 1.236191676560663075e-02 9.073240782379476304e-04 -8.793113054105532525e-03 3.622884403024652106e-03 1.888700058406876442e-03 -5.302342323348287201e-03 1.338173766206751918e-03 8.382209506718328595e-03 -8.460027353960416921e-04 -3.700519461263810555e-04 -2.869303325574436899e-03 1.801932034419603682e-04 -8.714182540243002248e-03 4.995651712617079493e-02 -2.643678439371654944e-03 -2.141627636577555539e-03 -1.609304422313873528e-04 -2.725858799175766203e-03 -4.239675522767094411e-03 3.418259090451568317e-04 5.769307583145610874e-02 -4.410533481595345210e-04 1.088794951239258285e-03 -1.975702551566009893e-02 -1.974179269469343492e-03 -4.972039802267767122e-03 7.040171930684687752e-03 -1.538115366631550782e-02 -2.261964287924560376e-04 3.147488685415380204e-03 2.928936776206554800e-03 6.465376091124424955e-03 8.993329552667960868e-04 -1.511540323653507876e-03 1.573306108215028615e-02 7.523387417675999993e-04 -2.695210335132293845e-03 1.159384816149510019e-03 -2.949173676292381717e-03 -5.195715948949501499e-03 -2.732360730486551540e-03 -2.137736628761403510e-03 -3.312710569214711350e-03 2.652472752085718367e-04 4.183727549946303706e-04 9.602644903878168603e-02 -2.399947403644090305e-03 -2.713889443652878035e-04
-7.626834306722697675e-04 -4.766724691552591195e-03 -6.139241699720691253e-03 2.297147087022176348e-01 3.343437180342479983e-03 -1.204738117364236548e-02 -8.251856161191771424e-04 8.957469652203208996e-03 2.171010366170703586e-04 -1.732293560326888734e-02 3.999091398262116619e-03 7.496542635459167714e-02 -1.265618674784888160e-02 1.031200819474992984e-03 -1.336128178951492308e-02 8.274011083284555420e-04 1.211580121119363966e-02 -3.333727619076744947e-02 -3.148072008263458951e-03 1.354496079116256253e-02 -7.346964174696833487e-03 3.380729337394579141e-03 -2.137529659492412928e-03 -1.290436724415504506e-02 1.538030674717542623e-01 3.192011400162001605e-02 -3.785919909897106882e-03 1.898648515072207457e-02 3.412087257058687550e-03 3.228652384387837356e-03 2.722989171269876024e-02 4.065580091985622306e-03 -1.840382334410787385e-02 -7.931803968830610646e-03 -4.239991039035950066e-03 2.685584516472156597e-02 -1.788611527805669460e-03 5.550167856520724953e-03 -1.314837104703839646e-02 1.160513567025770743e-01 1.719672987428607497e-02 -8.147990224261924706e-04 -3.164253020972059710e-02 2.527189052695269587e-03 2.934861076919087399e-03 2.103263705371389951e-03 -1.612952642703060005e-02 1.370684190470266347e-03 2.591598238925021339e-03 6.963832247026202106e-03 -7.304168205279769517e-03 -1.279553649942147958e-02 5.306296796679847261e-05 -2.219606078630061499e-03 7.982816699290011531e-03 5.302421326250699937e-04 1.270841208908029315e-03 -1.117372782852326871e-02 9.365646217902296291e-04 2.586214764188931193e-03
-2.021096127015009625e-03 -7.413153951938883456e-06 -5.395457235945096131e-03 3.343437180342479983e-03 5.156932467363541106e-02 -9.564454749492824802e-04 -1.412245493874430787e-04 -9.522167631669142720e-05 -5.894472185415130724e-03 1.427362670314787942e-04 1.609097839799076288e-03 7.484820171104658755e-03 2.465461482341434109e-03 -1.178949537907809974e-03 -3.172434431039091590e-03 3.730607857295566935e-03 3.088246778264319096e-03 1.107535503765986161e-02 -2.539769439729778512e-04 2.665681181369462804e-02 2.108787467336843636e-04 -7.796211770756092570e-05 -5.379124947292797040e-03 2.255780018807842721e-02 7.830267878670782097e-03 8.520387308994471429e-04 1.151591894051049543e-03 1.734637105220704790e-03 9.605719005096641401e-04 3.227677944084168804e-02 1.425735577065991152e-03 -7.134914770012275960e-04 -6.429193338287735211e-03 1.817065612990955933e-04 -4.490886652901496245e-03 -1.309954063679814006e-02 -2.509139710099558222e-03 1.509241061311732092e-03 -1.335266790430352565e-03 8.338841339870565333e-03 5.361023664936767673e-04 7.504067828415055853e-03 -2.792570948909887159e-03 4.047379348097105540e-04 -1.647137230389183766e-04 -5.945682112210323809e-04 7.302836826260347735e-04 8.167646306395891492e-04 1.600040299953390741e-02 9.054858025487759520e-04 2.963765486950871095e-02 -2.048490716294420946e-03 -1.393351794632127381e-03 -5.004964181693842031e-03 3.528410467700385938e-02 6.292793613452572678e-04 -3.039090496799451554e-04 -4.325999935237924941e-03 -1.421129150607056591e-04 -1.523101342789483659e-03
7.361142285629041241e-05 -1.813140160900463286e-03 -7.295485610261354895e-04 -1.204738117364236548e-02 -9.564454749492824802e-04 1.299566212765462629e-02 1.348073850404350651e-03 6.982652579311111925e-06 5.365398384132030610e-04 1.682628414067427729e-03 -5.497119600689515453e-03 7.649661020203691458e-03 1.007810866227094523e-02 6.056946390165920957e-03 1.581195379478286811e-02 2.989343420265018307e-03 8.784284879999036157e-04 2.880450911158261785e-05 5.118013314490106949e-03 1.870401282238673022e-03 -2.770150424077286611e-03 4.618553796581631454e-03 4.158513049276784442e-04 -3.025397316663537388e-03 2.534333887246192473e-03 -2.239583435106873126e-03 -1.161994078959297134e-02 8.601674323591716048e-03 9.018645277396481483e-04 5.592292804279598876e-04 1.481214806934345960e-03 8.235149196075708822e-04 -2.763445471459155184e-05 -5.561268971001867741e-04 5.121727854996012755e-03 -2.370447842215410612e-03 1.524221925677238069e-03 1.308398445472402569e-02 2.261961975794855514e-02 -1.702788486526463085e-02 -3.655179765099208535e-03 -2.993483581019193603e-03 2.406454849340060320e-02 4.798743970819798962e-03 1.054283115202137369e-03 -1.443333449608980891e-03 2.088248771850436877e-03 -2.684537478755508622e-03 -3.454653449385600692e-04 1.829022112868683772e-04 -5.252898260748567038e-04 1.323421443510118013e-02 -7.988010981893851415e-04 3.999952839423367816e-03 6.630372624879227834e-04 -1.379669599037509735e-03 2.494523788103567442e-03 5.904545606762946937e-04 8.151266042573537471e-03 5.648632281209898468e-04
-2.307020386152304047e-03 -1.734847268914363472e-02 8.273495378010673612e-04 -8.251856161191771424e-04 -1.412245493874430787e-04 1.348073850404350651e-03 8.944185272079883953e-02 -5.329709369761573105e-03 -3.685614763364555412e-03 -3.093943883134516078e-03 -1.801312988510749002e-02 -1.315599805788529196e-03 7.408763959258391971e-03 -2.699445127534827720e-03 -2.366141474973628128e-03 1.844044966100609429e-03 -1.114606263068762711e-02 1.021771906946988958e-03 3.095037790854822304e-03 1.194852214440341939e-02 3.429272767637110003e-02 -5.338293172638907541e-03 -8.794108740869756302e-03 5.460683516462712037e-03 2.363621965278292839e-03 -5.270125164055249924e-04 -5.511283699599369389e-03 -2.504826570522521514e-03 4.532109542019484294e-02 -2.458570857804615300e-03 8.695172663133446302e-04 3.299896895556350684e-02 -8.434132910435221788e-04 1.031937749500079493e-02 -5.502130885237575125e-03 1.123647509537018668e-03 2.755488048027009617e-04 1.396362745989025277e-03 -9.639164375584065658e-06 -1.725352547505160658e-03 2.705930734111968426e-04 -3.943806369471373422e-04 4.954153150896486481e-03 1.374749728046261278e-03 5.139836969159102681e-02 -1.019487574456273476e-03 6.817603744805250448e-04 1.258345134883576166e-04 -1.079372634491884047e-03 6.375530776803185924e-03 -1.640840569153893033e-03 -1.071883778318337985e-03 -9.504117196201882292e-03 -1.336274947956057370e-02 -5.819851353117930530e-05 -8.998954954236932291e-04 -5.311584942580142681e-03 1.140662523521221352e-03 -7.987380604079089355e-04 -4.422428220221173386e-04
-1.968607289533044660e-04 -6.092129720088580724e-03 -3.900647835749478012e-03 8.957469652203208996e-03 -9.522167631669142720e-05 6.982652579311111925e-06 -5.329709369761573105e-03 5.910376374035063857e-02 8.700348784623252059e-05 1.703937580292546857e-03 3.529764677113207422e-03 7.859294658725229921e-03 1.346499661624833612e-03 1.392514704928885655e-02 -5.337963457852397745e-03 -1.549072380861617605e-04 1.617289959213292995e-04 -4.475365307000375237e-04 -4.276896824161950141e-03 2.709012125497216794e-04 4.018915875159184345e-03 5.453297455574098590e-02 -3.699622714507530899e-04 -9.008613310045582691e-04 8.399598219899230209e-03 1.917218687865394683e-03 2.686692913265146046e-02 1.403036777818568535e-03 -2.158819658005022186e-03 4.637497086948555208e-04 -1.338469974420595024e-02 7.198021523101866270e-03 -2.551591249112107433e-03 -1.767514501796642410e-03 1.585016633143837127e-03 1.554676388405744477e-03 5.791624807251704275e-04 -6.514811271680039702e-04 1.129446439063512032e-02 4.189455510796942853e-03 -1.372084253035306877e-03 -5.179851108925142417e-04 -5.583242649835751595e-03 1.702088239288458661e-03 -1.986500131030837640e-03 7.640405336534596484e-04 -5.739450561061023703e-04 1.783828481514200580e-03 1.904550890646009281e-04 8.090052336531076147e-04 -2.677174934345256593e-04 -2.433152462537391258e-03 3.225243577626286939e-02 3.380381247244151812e-03 4.505471779526916800e-04 1.393657527412749987e-02 -2.623457053406945118e-05 -3.652515388478006983e-03 -2.454087855206375964e-03 -1.606760970110327022e-04
-6.568599610840475909e-03 1.448576924955827412e-02 1.017324463230595165e-03 2.171010366170703586e-04 -5.894472185415130724e-03 5.365398384132030610e-04 -3.685614763364555412e-03 8.700348784623252059e-05 4.969604310533818486e-02 -2.085724517144763653e-04 1.511465343599308064e-02 -2.224895511822394100e-03 -1.793516774456780163e-03 -9.948896038679739574e-04 1.123544189155444321e-03 1.309642237905508065e-02 1.900540159040428265e-02 2.478386675238090225e-04 -1.221096223566668290e-03 5.639569671795956196e-02 -1.329112208583239571e-03 1.554661318906888027e-03 -1.975764402800902694e-02 2.308423803932451238e-02 -2.425574571592002248e-03 -4.096014522707217389e-04 -2.851955071408839547e-03 -4.110779760347470376e-04 -7.609986863296769365e-04 -7.057285605659214568e-03 9.190617483650873358e-04 -4.771029863800514172e-03 -9.555797029969916945e-04 8.903776551057864669e-03 2.822082375480659128e-02 1.773995463451217419e-02 -3.471333624622795384e-03 -2.225462750661249948e-04 -2.868193612539192004e-04 -4.924105957255316482e-03 -6.706526338567806366e-04 5.096352519486098409e-03 5.714364746961438654e-04 -5.179410884580824999e-04 -3.210963203789965210e-03 -7.018425366553674577e-03 -1.531825182928342076e-03 -5.028041945279255933e-04 -3.999554637423192137e-03 2.452944106711778607e-03 -8.428993184135520275e-03 1.062284693076722894e-03 -3.224660184665779483e-03 2.685382200186310284e-02 -1.728826793025911145e-03 -1.738063619651315764e-05 3.786996373013913966e-03 5.519519448213082826e-04 1.181903494353003618e-03 8.939217332649280687e-03
4.030189847147158839e-03 -1.538606093695014726e-03 -7.984793771852778319e-03 -1.732293560326888734e-02 1.427362670314787942e-04 1.682628414067427729e-03 -3.093943883134516078e-03 1.703937580292546857e-03 -2.085724517144763653e-04 1.439470654571081976e-01 -3.884494258335060429e-03 -1.766913243755269258e-02 -1.104354116349123144e-02 3.989697689044581323e-03 1.194768910327313055e-02 -6.711801728318109693e-03 5.475766385863025607e-05 5.224096143388532593e-02 1.717277060059900539e-03 -3.053243462333804156e-02 -1.824311813054983267e-03 2.708588448857891665e-04 8.381858960768897443e-03 -2.122437804055342034e-02 -3.568599400245777570e-02 -1.754263501744089682e-02 -7.623053398842108506e-04 -4.784676786821514920e-03 5.604066044115543896e-04 2.573556434739017462e-02 -2.828864374041425815e-03 2.517864295018020730e-03 6.240337525559890713e-02 -5.773322119110872643e-04 5.117716697992933002e-03 5.639515094501654224e-02 6.669316076823536901e-03 -5.235248050593583648e-03 7.482309331587431046e-04 -1.399799122201874496e-02 4.508120991558421534e-04 -1.761722112649864724e-02 5.839598491289947624e-03 -1.642770043865414333e-03 -8.673390321755295590e-04 2.296029673499138182e-03 1.104851144949376210e-02 -2.080296969563847319e-03 7.692493741223542514e-04 3.201174928843535821e-04 1.475620897614727568e-02 6.607360450355256182e-03 7.227744921111051504e-03 1.354463977231760465e-02 6.530753913472429895e-03 -1.620706488961432294e-03 3.803275353570913600e-04 -9.497814780384094407e-03 -6.864075189754477837e-04 4.750607248503292170e-03
-1.839053055060866021e-03 1.852494818046318201e-02 -1.132074463755369667e-03 3.999091398262116619e-03 1.609097839799076288e-03 -5.497119600689515453e-03 -1.801312988510749002e-02 3.529764677113207422e-03 1.511465343599308064e-02 -3.884494258335060429e-03 1.973071886756391502e-01 -9.611827335699110741e-03 4.133575784397210958e-05 -1.285037967033534896e-04 2.363865369399635596e-03 -2.689147936681319032e-02 1.160388469838624786e-01 1.241600949243910380e-02 4.783557709370149340e-03 -3.568252016703962054e-02 -2.159638078719274337e-02 8.399358329021720457e-03 -8.715001002648372838e-03 8.872638632031193406e-03 -2.885813055349525404e-03 1.390256191564683691e-03 -1.775128987949617376e-02 -4.402890019392307166e-05 2.578099078232908015e-02 -5.730460393088600019e-04 -1.942284532274205465e-03 -5.337186821785915199e-03 -6.020305860695398300e-04 5.270490673725526827e-03 2.271289918373500458e-02 -2.425325441762024841e-03 1.002402282284865082e-02 -8.938754957073476171e-03 -5.225799499126457769e-03 1.259474018029854876e-02 3.747175326901660847e-03 7.109274509717825735e-03 -5.018975236636528253e-03 -3.177448224764805977e-03 -4.624021034546743798e-03 2.905187241314735255e-02 6.327669613975836060e-04 1.082427309497277805e-03 2.215150630191180855e-03 3.901297900317342304e-02 7.378870962930938159e-03 -2.352359572415569852e-03 -1.398564193797431805e-02 1.538119453386576074e-01 -6.678163094243352686e-03 2.693703353334516576e-03 1.574722395683153184e-02 -1.718664534559264431e-03 -2.381373754892475349e-03 -5.130760777885184053e-03
4.971619930127274718e-04 -2.559540760842820509e-03 -1.891638995875021684e-02 7.496542635459167714e-02 7.484820171104658755e-03 7.649661020203691458e-03 -1.315599805788529196e-03 7.859294658725229921e-03 -2.224895511822394100e-03 -1.766913243755269258e-02 -9.611827335699110741e-03 2.293699848351695436e-01 -4.120161941280525014e-02 8.664435383350313144e-03 -1.114489661355283143e-02 4.072916633677664371e-03 -2.231481150323354461e-03 -3.872951957050557639e-03 -2.696202205976570149e-02 5.510883916773106679e-05 -8.174096629892700985e-04 1.615768343890645680e-04 1.888170080594834838e-03 -5.445972186881664970e-03 1.160388209691031042e-01 1.898668842156325115e-02 -5.977675337027179604e-03 3.193078729551388634e-02 -6.330570518700501595e-04 1.450818667650267089e-03 1.348838639153930249e-02 8.268504724346720713e-04 -3.164001693998394482e-02 2.460521999105130028e-03 1.162959548148613520e-02 1.900544474338292100e-02 4.692166231320300807e-03 4.425844797517368423e-02 3.952170174376289959e-03 1.538239582181046006e-01 -3.090024519731222278e-03 -7.352003700802218523e-03 -1.833107344497423435e-02 3.781552210487520299e-02 -1.596408384311641870e-03 -2.647296898382563591e-03 3.461266902064133195e-03 -9.889865277341848560e-03 3.797072911862260473e-03 -2.860991991048404161e-03 1.435524449816716732e-03 1.645129897755046467e-03 1.354379905365656576e-02 1.211515972111638570e-02 6.164493164980657663e-03 -6.123450680745504138e-03 3.112839556416113328e-03 -1.333985387757227921e-02 1.927871776125691591e-02 9.922026960694355687e-04
-9.034485001188757294e-04 3.429488067489775988e-03 1.236191676560663075e-02 -1.265618674784888160e-02 2.465461482341434109e-03 1.007810866227094523e-02 7.408763959258391971e-03 1.346499661624833612e-03 -1.793516774456780163e-03 -1.104354116349123144e-02 4.133575784397210958e-05 -4.120161941280525014e-02 1.339824842572800989e-01 -1.253863534196956661e-02 -5.509922417275362264e-03 -2.280764024388150582e-03 -5.980657600711169510e-03 2.547390199575810810e-03 4.424736084859050289e-02 -7.624982896317003675e-04 -1.670922571592350523e-03 2.686702963577173101e-02 -2.643802883161177654e-03 7.590559925461133270e-03 -1.775159399880041691e-02 -3.531065363230845907e-03 -1.445338555978757482e-02 -1.978682062257039811e-02 5.091669044510633083e-03 -2.318209189767844996e-03 5.425652056909692489e-02 -1.846073434600541477e-02 4.904855640041463037e-03 4.739921433518100996e-03 -2.500536215789833303e-03 -2.851861211844477963e-03 7.808610703028113326e-05 -3.975539480101081442e-03 5.180527117523230779e-02 -7.385393088471334071e-03 8.691034566966977098e-03 3.329125802302099375e-03 5.136456405535956560e-02 -5.818931193218946328e-03 4.925846146933568828e-04 4.541473309872000644e-04 1.430728225925643245e-03 1.814972165508746751e-02 3.645902609033364558e-04 -1.030238645117086994e-02 2.169175279592267924e-03 -6.274458984799544115e-03 -4.483117450789555342e-02 -3.785753024860595995e-03 -1.618616231215140588e-03 1.466790159556899745e-02 -5.960152265921361998e-03 1.116056364643231748e-02 8.332782026628644118e-03 -4.139271996303500885e-04
7.876340016080685515e-04 8.861005407936287104e-03 9.073240782379476304e-04 1.031200819474992984e-03 -1.178949537907809974e-03 6.056946390165920957e-03 -2.699445127534827720e-03 1.392514704928885655e-02 -9.948896038679739574e-04 3.989697689044581323e-03 -1.285037967033534896e-04 8.664435383350313144e-03 -1.253863534196956661e-02 2.384297061612453486e-02 -1.567068186480455230e-03 9.816743123899200098e-04 8.229261060079618231e-03 -6.784286940777897040e-03 -7.816384193482227641e-03 1.793792656175364477e-03 -5.528958311459555245e-04 8.551646186092765750e-03 2.679501881455784596e-03 -6.146307132586575558e-03 -3.439317963365906040e-03 1.438369775761442983e-04 1.721352659752906772e-02 8.489622841456040533e-04 -1.863858425445931444e-03 2.304761863554611722e-03 -4.067040296141576712e-04 1.994752119376430946e-02 1.845698576559477895e-03 -8.655915765962498426e-03 -6.580284802514872744e-03 1.486376982447902478e-05 -2.337098458372774325e-03 6.496722898345623498e-03 2.240318349844657234e-02 -1.039739482568784006e-02 -3.542145893674619999e-03 2.323233202804053513e-04 2.434958452870245298e-03 -1.040363736420643961e-03 3.298357800881777588e-03 8.898287120928643351e-04 -2.244181710230451314e-03 -5.370313126509518829e-03 -1.426980350331103051e-04 1.323133264904596991e-02 -2.173175834040005742e-03 1.976291401683487933e-03 4.426619917375082536e-02 -6.777097944252254667e-03 2.014266891423790052e-03 -2.650461018899732263e-03 1.333984196863429242e-02 -5.130777337332404869e-05 8.482371060788173808e-03 -5.637833170258289752e-04
4.633427527352539533e-04 8.694437715198642886e-04 -8.793113054105532525e-03 -1.336128178951492308e-02 -3.172434431039091590e-03 1.581195379478286811e-02 -2.366141474973628128e-03 -5.337963457852397745e-03 1.123544189155444321e-03 1.194768910327313055e-02 2.363865369399635596e-03 -1.114489661355283143e-02 -5.509922417275362264e-03 -1.567068186480455230e-03 8.942944781947770316e-02 -1.094608707719634151e-03 -1.314809631292036124e-03 5.460370434499844938e-03 3.428892485633382864e-02 -3.094154787692890516e-03 3.095020203701677464e-03 -5.329518968114529617e-03 8.274466602804908923e-04 1.021929635401723187e-03 -1.801270903366384082e-02 -1.184313670479719910e-03 7.408362171709957818e-03 4.531912560110634008e-02 -2.504595051629439524e-03 -5.808462401198801172e-05 -1.734727006964061069e-02 3.071889785642494160e-03 3.369483923160498939e-03 5.793261194614681862e-04 -1.215075893840937603e-03 -3.685512662763085895e-03 -6.952791858510713307e-04 6.375725585329025322e-03 -6.201023643979785248e-03 -1.731831830670340971e-03 5.421956290900494142e-03 7.470049633785803660e-04 5.190753707150994045e-02 -4.880410943162108266e-03 -1.071633881349495559e-03 3.168674198363871999e-04 -1.127151261212670915e-03 1.304522986893759222e-03 -1.550734861637482510e-03 1.396312886543671838e-03 2.466447081517840847e-04 5.139767302088497219e-02 5.779735562027910577e-03 -8.253835744321706214e-04 -2.458513611557025785e-03 1.079120377784737150e-04 -7.988805691000319328e-04 -8.435786871924678965e-03 -5.311668279491292381e-03 -2.700580358028075996e-04
8.206022017045634318e-03 -1.742843763168602095e-03 3.622884403024652106e-03 8.274011083284555420e-04 3.730607857295566935e-03 2.989343420265018307e-03 1.844044966100609429e-03 -1.549072380861617605e-04 1.309642237905508065e-02 -6.711801728318109693e-03 -2.689147936681319032e-02 4.072916633677664371e-03 -2.280764024388150582e-03 9.816743123899200098e-04 -1.094608707719634151e-03 3.630835237683818079e-02 -2.272468330092035013e-02 -1.199052346270879435e-02 -3.380885123563057062e-03 4.652548068625963346e-02 4.520397142900545347e-03 -9.398595660188002179e-04 3.909809267027535007e-02 7.665518553338739917e-03 -9.877266610483024373e-04 1.903258216383737003e-03 1.856401263549757900e-03 7.143435527622022090e-04 -4.148841125961593920e-03 9.343091814915684395e-04 -1.197482320112448631e-03 -1.226581478680734182e-03 -2.217654514684848019e-03 3.980546555756370349e-03 2.418631626627678471e-02 3.193626013186608896e-04 1.379220526936099714e-02 3.791250542617332492e-03 4.393456082913030185e-03 -7.287722579484317252e-03 -2.044925323160415916e-03 1.671571227626295064e-02 2.179892826526102449e-03 -7.345279049401886575e-04 -9.578429143221189749e-04 3.469475499111532128e-03 -2.581029644114122158e-03 -1.451131278703538148e-03 -5.351438672579255989e-04 -1.001433240213241149e-02 -4.780419757027250076e-03 1.367901229693184754e-03 3.494403872958853734e-03 1.322318326309502700e-03 7.946383628640737995e-03 -1.313817219016035018e-03 -3.780019819189960138e-03 3.070349435137648998e-03 1.216535271369107883e-03 6.581771500562072844e-03
-4.880285317226304084e-03 1.349218233225301863e-02 1.888700058406876442e-03 1.211580121119363966e-02 3.088246778264319096e-03 8.784284879999036157e-04 -1.114606263068762711e-02 1.617289959213292995e-04 1.900540159040428265e-02 5.475766385863025607e-05 1.160388469838624786e-01 -2.231481150323354461e-03 -5.980657600711169510e-03 8.229261060079618231e-03 -1.314809631292036124e-03 -2.272468330092035013e-02 2.293345439684605080e-01 -5.446405565440957594e-03 -8.178857391085226150e-04 -1.766922844348412999e-02 -2.696198483131418550e-02 7.858174509442889671e-03 -1.891672518113053994e-02 -3.872665457935943033e-03 -9.611704348001624473e-03 3.409728709541470608e-03 -4.119474272233556583e-02 -6.325822924919850820e-04 3.193131465694386967e-02 6.164415633226085628e-03 -2.559340018692231582e-03 1.388449153552612399e-03 2.325600734838097043e-04 2.513068887612896624e-03 2.652815992654766405e-02 -2.224918494946936942e-03 8.142217792618011360e-03 -2.861435617171106602e-03 1.325549558364225861e-02 3.999741873097430525e-03 1.363560591785701812e-03 -3.122296834265849211e-03 2.779668932949400139e-04 -7.939162042970770647e-03 1.645750253877974060e-03 2.311088811437547047e-02 -5.254018166973057832e-03 -5.052431545845661662e-03 3.027468567469333415e-03 4.425869089547548874e-02 3.689454742696526238e-03 -1.596164081776993557e-03 -1.722512098117576912e-02 7.496549691476749044e-02 1.451188978763325336e-03 -2.236700003643829482e-03 1.927975160667568313e-02 -8.301642990885562106e-04 3.113002387593412357e-03 -1.292607497324277984e-03
7.861286058240452056e-04 -2.008207148080649168e-04 -5.302342323348287201e-03 -3.333727619076744947e-02 1.107535503765986161e-02 2.880450911158261785e-05 1.021771906946988958e-03 -4.475365307000375237e-04 2.478386675238090225e-04 5.224096143388532593e-02 1.241600949243910380e-02 -3.872951957050557639e-03 2.547390199575810810e-03 -6.784286940777897040e-03 5.460370434499844938e-03 -1.199052346270879435e-02 -5.446405565440957594e-03 6.135221874743469056e-02 1.637369431540968822e-03 -2.122731121182969485e-02 4.392736862578776151e-03 -9.007884645092152946e-04 1.810519386151313362e-04 2.805060057200318285e-02 8.867065760272182379e-03 -1.153214345924700318e-02 7.589917258832210717e-03 -1.342937388816932420e-03 -3.213955258440655380e-04 6.356552449136187999e-03 -1.865216797569586166e-03 -3.217782591262409453e-03 2.477907937570809210e-02 5.007933274489643474e-04 -1.645695167426717079e-02 2.308471316243336860e-02 -2.689267815440472918e-03 2.442007399461883655e-03 -9.589122715301000993e-03 -1.244519720649335352e-02 -3.051129376105414688e-03 7.801056972271605029e-03 2.550583942640407935e-03 1.720485309473718250e-02 -1.008269400395066934e-03 3.611616496856872270e-03 1.986107542355781616e-02 2.357909560755673713e-03 2.275297348313450041e-03 -1.967336358471802240e-03 1.957698041835157290e-02 3.454686143602175939e-03 -4.482622409841667023e-03 -1.290252441141348169e-02 -1.578837861124549524e-03 2.444568876215807204e-03 -1.353043314139017704e-03 -4.147477097941617923e-04 7.823781698564163901e-04 -4.871877192187856059e-03
-1.560477579447511296e-04 7.451466462901474002e-04 1.338173766206751918e-03 -3.148072008263458951e-03 -2.539769439729778512e-04 5.118013314490106949e-03 3.095037790854822304e-03 -4.276896824161950141e-03 -1.221096223566668290e-03 1.717277060059900539e-03 4.783557709370149340e-03 -2.696202205976570149e-02 4.424736084859050289e-02 -7.816384193482227641e-03 3.428892485633382864e-02 -3.380885123563057062e-03 -8.178857391085226150e-04 1.637369431540968822e-03 3.306701842990893148e-02 -1.824392767756051427e-03 4.880960931618087630e-04 4.019002541074773345e-03 -8.458611003689034532e-04 4.392709108678984065e-03 -2.159499228982721813e-02 -7.254123632087157479e-04 -1.671048546281484739e-03 9.434739760031422492e-03 2.026750325693476001e-03 -7.260051378952837864e-04 1.298476187911247297e-02 -3.988058858961742066e-03 4.591539208060082568e-03 -2.651985729539239607e-04 -7.512235714356375188e-03 -1.328974792601506473e-03 -1.942255839532513540e-03 -6.477949422762980212e-03 7.368624948367779974e-03 7.057757650878740234e-03 8.827653666698553545e-03 4.092071667981767198e-03 3.469907859138609413e-02 -9.763230783442747654e-03 1.340244251859548609e-03 1.875474639223380412e-03 -2.561239224858233472e-03 8.792449157167207124e-03 -5.102831323954404698e-04 -8.797403545456422514e-04 6.660471309634282680e-04 1.592803406484461989e-02 -1.762531674766663892e-02 -7.346307828228840382e-03 -1.779329239048932408e-03 5.718427712905749076e-03 -2.998606037938695169e-03 -3.958970051250684818e-04 -3.498969571315754899e-03 -9.077110857714932712e-04
-5.906440907512870188e-03 -2.828773880349545137e-03 8.382209506718328595e-03 1.354496079116256253e-02 2.665681181369462804e-02 1.870401282238673022e-03 1.194852214440341939e-02 2.709012125497216794e-04 5.639569671795956196e-02 -3.053243462333804156e-02 -3.568252016703962054e-02 5.510883916773106679e-05 -7.624982896317003675e-04 1.793792656175364477e-03 -3.094154787692890516e-03 4.652548068625963346e-02 -1.766922844348412999e-02 -2.122731121182969485e-02 -1.824392767756051427e-03 1.439538850776377610e-01 1.717376947127120931e-03 1.704002394203860344e-03 -7.985256726259768942e-03 5.223869490618300582e-02 -3.882012974326231464e-03 8.416091832652915911e-03 -1.104369981827790607e-02 5.604382052456269346e-04 -4.785040125758921459e-03 6.530159057799155009e-03 -1.538557564463113913e-03 3.491010790845679862e-03 -1.667512472578711394e-02 -1.162877766429377740e-03 1.996780782994701103e-02 -2.100434839724547040e-04 -8.556500142410276150e-03 3.201838182948344336e-04 6.717191801419167968e-03 -2.641024045710946375e-03 -1.568051359417100513e-04 2.828898198703925712e-02 1.772177585955381869e-03 -8.003313014890316157e-03 6.606864047161909413e-03 -1.440052963304026129e-02 -1.009573325408538377e-02 -2.245472257618823502e-03 3.517742383912024050e-03 -5.234881785259650096e-03 -2.181604383466202116e-03 -8.677418191993340173e-04 -4.833901868973901339e-03 -1.732660999416570091e-02 2.573605869465454832e-02 -1.446467486881848749e-03 -6.862432986901610471e-04 5.777049324440284780e-03 3.803242009053738526e-04 1.152164983803041429e-02
4.461168849645176645e-04 1.298460901884115198e-02 -8.460027353960416921e-04 -7.346964174696833487e-03 2.108787467336843636e-04 -2.770150424077286611e-03 3.429272767637110003e-02 4.018915875159184345e-03 -1.329112208583239571e-03 -1.824311813054983267e-03 -2.159638078719274337e-02 -8.174096629892700985e-04 -1.670922571592350523e-03 -5.528958311459555245e-04 3.095020203701677464e-03 4.520397142900545347e-03 -2.696198483131418550e-02 4.392736862578776151e-03 4.880960931618087630e-04 1.717376947127120931e-03 3.306922377577007494e-02 -4.277241854748445836e-03 1.338090527296345806e-03 1.637641064921375143e-03 4.782981381874323347e-03 -9.599897321083781122e-04 4.424774584259113380e-02 2.026868665059054515e-03 9.434459526918155883e-03 -1.779364383109593821e-03 7.452201863039931715e-04 1.671602502165051712e-02 -1.173984922014673256e-03 1.615487544720941096e-02 4.865998874404391626e-03 -1.221203797012336252e-03 2.028876901468177653e-03 -8.796067368277200480e-04 -1.354572924202392462e-02 5.418108856454052031e-04 -4.066562071329570850e-05 -2.361010070617845964e-03 -3.721406334196721098e-03 3.703334775360808077e-03 1.592790169091898647e-02 -4.828781115551751199e-03 3.093569015340484531e-03 4.056016372259289328e-03 -3.880279768379890680e-04 -6.477861935516481678e-03 6.882486588407034844e-04 1.340541594017193939e-03 2.828832084906125408e-02 -3.149160427094353613e-03 -7.260925960007361905e-04 2.312448939574428177e-03 -3.498787265553880265e-03 7.490815639530756104e-04 -2.998568075884893054e-03 1.661910846800754901e-03
-1.233935787752732860e-03 -1.338475605872917890e-02 -3.700519461263810555e-04 3.380729337394579141e-03 -7.796211770756092570e-05 4.618553796581631454e-03 -5.338293172638907541e-03 5.453297455574098590e-02 1.554661318906888027e-03 2.708588448857891665e-04 8.399358329021720457e-03 1.615768343890645680e-04 2.686702963577173101e-02 8.551646186092765750e-03 -5.329518968114529617e-03 -9.398595660188002179e-04 7.858174509442889671e-03 -9.007884645092152946e-04 4.019002541074773345e-03 1.704002394203860344e-03 -4.277241854748445836e-03 5.910575071134570313e-02 -3.900895466341933095e-03 -4.475159692634752000e-04 3.530269360313548037e-03 9.374208172086371388e-04 1.346677266105830413e-03 -2.159014743593456673e-03 1.403284176776084307e-03 4.505185524821592093e-04 -6.092562239636715136e-03 -2.224409645569804753e-03 -8.319198766781421648e-04 -2.397388658946197817e-03 4.884663230473274172e-03 8.708410571578308697e-05 1.362387602543112686e-03 8.089221154715120227e-04 2.514313271606904640e-02 -3.354570427758826918e-03 -1.030025288169041098e-03 -1.485130532251645406e-03 8.682520940002148163e-03 8.427991673247095137e-04 -2.432936362693341199e-03 1.371117614937654872e-03 -1.504420507341441067e-04 3.239472208990023822e-03 1.700224152598874092e-04 -6.515996601268722122e-04 -2.525289419760842302e-04 -1.986951379982671018e-03 4.465386291350540056e-03 8.957550907992347863e-03 4.637718295921949905e-04 1.532896866864912055e-02 -2.454120940802570570e-03 -3.640554926037854635e-04 -2.634929064855059792e-05 -5.313394333164487349e-06
2.561654893781116840e-02 -4.239943870825314126e-03 -2.869303325574436899e-03 -2.137529659492412928e-03 -5.379124947292797040e-03 4.158513049276784442e-04 -8.794108740869756302e-03 -3.699622714507530899e-04 -1.975764402800902694e-02 8.381858960768897443e-03 -8.715001002648372838e-03 1.888170080594834838e-03 -2.643802883161177654e-03 2.679501881455784596e-03 8.274466602804908923e-04 3.909809267027535007e-02 -1.891672518113053994e-02 1.810519386151313362e-04 -8.458611003689034532e-04 -7.985256726259768942e-03 1.338090527296345806e-03 -3.900895466341933095e-03 1.046606486308386819e-01 -5.302236554632286381e-03 -1.132824900192030016e-03 -2.977159526074309604e-03 1.236248311376570569e-02 -1.609962683929587110e-04 -2.141575584576531875e-03 -3.312821229057709514e-03 1.267806614701617526e-03 3.840215823510415905e-04 5.532536218144229467e-03 -2.029405487397837552e-03 1.611715489269952700e-02 1.017553561180314925e-03 3.531950107827030311e-02 1.159187776159831176e-03 4.440810382854940572e-04 -3.449372418298692479e-04 -2.579803432908776514e-04 3.339338663562971959e-02 -2.215550991715687864e-04 1.282436557907853459e-03 -5.195408527516284444e-03 3.104949544183637986e-02 1.380929735214690484e-03 1.702700812776451039e-04 -2.246301843165087690e-03 -4.971691285810372202e-03 -3.478580244147683187e-03 8.993689258254333524e-04 1.309927802204319779e-02 -6.144622930182102975e-03 -2.726367929291512171e-03 -9.610250220578134836e-04 -2.399739504949916207e-03 -2.538866836264329352e-03 4.183863082173095598e-04 -2.969455561728272046e-04
-3.040129241899414483e-03 -1.865067025655996191e-03 1.801932034419603682e-04 -1.290436724415504506e-02 2.255780018807842721e-02 -3.025397316663537388e-03 5.460683516462712037e-03 -9.008613310045582691e-04 2.308423803932451238e-02 -2.122437804055342034e-02 8.872638632031193406e-03 -5.445972186881664970e-03 7.590559925461133270e-03 -6.146307132586575558e-03 1.021929635401723187e-03 7.665518553338739917e-03 -3.872665457935943033e-03 2.805060057200318285e-02 4.392709108678984065e-03 5.223869490618300582e-02 1.637641064921375143e-03 -4.475159692634752000e-04 -5.302236554632286381e-03 6.135316402405035369e-02 1.241558997315457720e-02 -4.538324433387982233e-04 2.547427275596801134e-03 -3.212867958262189978e-04 -1.342797513479968789e-03 -1.578799395274059231e-03 -2.007946651121267129e-04 8.443964066503933420e-04 -8.264846323711917686e-03 -5.907102563539171070e-03 -1.943968687799176726e-02 2.476146623628867113e-04 -1.125416963032531067e-02 -1.967192745431674272e-03 -9.188025086914658468e-03 4.951153666299156278e-04 1.763613062642236317e-04 3.221876318991282601e-02 -6.554243361712755412e-04 7.634208685577662315e-03 3.454275881217733473e-03 4.175063013406181455e-04 7.216146733220823138e-03 3.199805016008486647e-03 3.468942211689590802e-03 2.441962381307003112e-03 1.203402438397617284e-02 -1.008102062332274194e-03 -8.189489380807574159e-03 -3.333836284386586246e-02 6.356424133463702171e-03 2.810786666823457576e-03 7.822541917229970925e-04 2.952406912830856343e-03 -1.353114828486196193e-03 -3.510144127798904470e-03
-4.603128479684706078e-04 -1.942433672236654066e-03 -8.714182540243002248e-03 1.538030674717542623e-01 7.830267878670782097e-03 2.534333887246192473e-03 2.363621965278292839e-03 8.399598219899230209e-03 -2.425574571592002248e-03 -3.568599400245777570e-02 -2.885813055349525404e-03 1.160388209691031042e-01 -1.775159399880041691e-02 -3.439317963365906040e-03 -1.801270903366384082e-02 -9.877266610483024373e-04 -9.611704348001624473e-03 8.867065760272182379e-03 -2.159499228982721813e-02 -3.882012974326231464e-03 4.782981381874323347e-03 3.530269360313548037e-03 -1.132824900192030016e-03 1.241558997315457720e-02 1.973142662736985797e-01 2.413291592739837468e-02 4.083561778777749601e-05 2.578028928990549681e-02 -4.415251713409406475e-05 -6.677913640755155263e-03 1.852569825098019859e-02 -7.291938870492706108e-03 -2.944687444488866893e-02 6.907172914342544004e-03 4.100615376114957050e-03 1.511395852468721580e-02 2.275126780757890342e-03 3.901351735328930509e-02 -4.958391700062764196e-03 7.220208475796266456e-02 -1.315985980548737676e-03 5.414129060660803584e-04 -2.337732811749540160e-02 4.493284814633492774e-02 -2.352378016517438480e-03 -1.798486936670164790e-03 1.049473093111424372e-02 -2.935791105715459919e-03 3.133484726847363296e-03 -8.937868425976129225e-03 3.987029607754970055e-03 -4.625641363942382088e-03 -2.642720349629008782e-03 3.998823631819347149e-03 -5.719703609308105082e-04 -3.529616273171461431e-04 -2.380918203631811163e-03 -1.690784062147100697e-03 1.574758539992792555e-02 -2.251248470424742527e-03
-1.280841550018194629e-03 -7.868735606317665962e-04 4.995651712617079493e-02 3.192011400162001605e-02 8.520387308994471429e-04 -2.239583435106873126e-03 -5.270125164055249924e-04 1.917218687865394683e-03 -4.096014522707217389e-04 -1.754263501744089682e-02 1.390256191564683691e-03 1.898668842156325115e-02 -3.531065363230845907e-03 1.438369775761442983e-04 -1.184313670479719910e-03 1.903258216383737003e-03 3.409728709541470608e-03 -1.153214345924700318e-02 -7.254123632087157479e-04 8.416091832652915911e-03 -9.599897321083781122e-04 9.374208172086371388e-04 -2.977159526074309604e-03 -4.538324433387982233e-04 2.413291592739837468e-02 3.540548608905028788e-02 2.390144683866266158e-04 1.089628166106228202e-02 1.914974048652790786e-04 -8.939465925135776534e-04 6.839556464133500187e-04 7.123902005130023892e-04 1.788119413379804859e-02 -9.046046920081049405e-04 1.780202486787650054e-04 -8.099726430857052961e-03 -1.481005175072429726e-03 2.794295250691847948e-03 -3.456985227138081873e-03 2.578041466101242338e-02 3.736094175351119609e-03 2.026373263131649432e-03 -5.795953731440765117e-03 7.369139088087437763e-03 3.028697685967822917e-04 -5.642554835390187727e-04 4.508736446521731216e-03 1.611004963786234658e-04 1.689806705980798854e-04 1.541019172624948867e-03 -2.029615562579748216e-03 -1.342250935012461246e-03 5.598888342268240441e-04 -6.326201492961423681e-04 1.197837478946265884e-03 3.712557301155238886e-04 -8.377382132599771769e-05 4.530180477533574113e-02 -1.071505560712592616e-03 -1.477016468277648261e-04
